2 4 6 7 9 11 12 14 15 16 17 18 20 26 27 30 31 32
0 1 2 3 4 5 6 7 10 12 13 15 20 21 22 25 26 27 28 33
0 2 5 8 10 12 13 14 17 18 19 21 23 24 25 26 27 28 29 34
0 3 4 5 7 10 13 14 15 17 18 19 25 26 27 35
1 2 3 5 6 10 11 12 14 15 16 17 18 21 23 24 26 36
1 2 3 8 9 11 12 14 18 19 21 22 24 25 28 37
3 4 5 9 11 12 16 22 26 27 30 38
1 2 4 6 7 10 11 14 17 18 19 20 22 24 25 26 28 29 30 39
0 9 10 11 12 15 17 18 19 20 23 25 26 27 28 30 31 40
0 2 3 4 6 7 11 12 13 14 21 22 25 41
4 6 7 8 9 14 16 17 21 23 26 27 29 30 31 42
0 1 2 3 4 5 7 8 9 11 15 18 19 21 22 24 25 26 27 28 31 43
2 6 10 11 14 16 17 18 19 22 23 24 25 26 28 29 30 44
0 3 4 5 7 8 10 13 15 19 20 21 22 26 27 30 31 45
2 7 10 11 13 15 16 21 24 25 26 27 28 30 31 46
2 3 6 7 10 13 14 15 17 20 26 27 28 47
2 4 10 15 17 18 20 23 25 27 29 48
1 4 5 6 7 10 11 13 14 18 20 21 26 27 28 49
0 4 7 10 14 15 16 19 23 29 30 50
1 2 3 8 9 16 24 25 27 28 29 30 31 51
1 4 6 8 10 13 14 17 19 20 21 22 23 25 26 27 29 52
0 2 4 5 6 8 9 11 16 17 18 19 20 23 27 28 30 53
2 3 4 9 11 13 17 18 19 20 21 22 24 26 29 54
0 9 10 11 14 15 19 20 24 26 27 30 31 55
0 1 2 4 6 9 12 13 14 20 21 22 28 29 31 56
0 1 2 5 6 7 8 9 11 15 16 17 19 21 23 25 26 28 30 57
11 14 16 20 21 22 23 26 31 58
0 2 3 4 5 6 8 11 13 15 16 19 22 25 26 27 28 30 31 59
0 1 3 8 9 10 12 15 18 19 21 24 26 27 30 60
4 12 13 17 18 20 26 27 29 61
2 3 4 8 9 10 11 13 18 19 20 22 25 27 28 29 31 62
0 1 4 5 6 8 12 13 14 16 17 19 21 22 24 26 28 29 30 63
0 1 3 4 5 6 7 10 12 17 19 20 22 24 28 29 31 64
1 2 4 5 7 9 10 11 13 14 15 18 20 24 26 30 31 65
0 1 10 11 12 14 22 28 29 30 31 66
1 2 4 5 7 11 14 16 17 18 22 25 28 30 31 67
0 4 5 7 12 13 15 17 18 20 25 26 27 68
0 2 6 8 11 12 13 17 18 21 24 25 27 28 30 69
2 3 4 5 7 10 12 14 15 16 17 18 19 20 22 24 25 70
0 2 3 8 9 11 12 15 16 17 18 19 20 21 22 24 25 26 27 28 29 30 31 71
0 3 4 5 12 13 15 16 17 21 22 24 25 26 28 30 31 72
0 1 2 3 4 5 6 7 9 10 16 17 18 21 22 30 31 73
0 1 2 6 7 10 11 13 14 15 17 18 20 21 22 23 24 26 27 28 29 30 31 74
0 7 8 12 13 15 16 18 19 20 21 27 29 75
0 1 2 10 12 14 16 17 19 21 23 24 26 28 30 76
1 6 8 9 11 12 15 16 17 19 22 23 24 25 27 28 30 77
0 1 4 5 8 13 15 16 17 18 22 26 27 28 31 78
1 2 7 9 10 11 12 15 17 18 19 20 21 22 23 24 25 26 27 29 31 79
0 1 3 4 5 7 8 9 10 12 13 14 15 16 17 18 19 20 21 24 26 28 29 30 31 80
3 5 6 7 15 17 18 24 27 28 29 30 31 81
0 2 5 6 7 12 16 17 21 22 24 25 26 30 31 82
0 1 4 5 6 9 12 15 20 26 27 28 29 83
1 2 3 4 5 7 8 13 15 16 17 21 23 25 28 29 31 84
0 1 2 3 4 5 11 12 13 14 15 17 21 22 24 25 27 29 30 85
0 2 4 5 6 7 11 12 14 15 18 19 20 23 25 27 28 29 31 86
2 3 4 10 11 15 18 22 23 24 27 30 31 87
4 7 8 9 10 11 13 15 16 17 18 19 20 21 27 29 31 88
0 1 3 5 7 8 10 11 12 13 14 15 24 25 26 28 29 30 31 89
1 2 3 4 5 8 10 12 14 17 18 19 20 22 23 24 25 27 29 90
0 1 4 5 6 8 13 14 16 17 19 22 28 29 30 91
0 1 4 5 8 12 14 17 18 19 22 25 26 92
0 2 3 7 8 9 11 13 14 17 18 19 20 21 25 28 31 93
0 1 9 11 13 16 18 22 26 27 28 29 31 94
1 2 3 4 6 7 8 9 10 12 14 15 16 18 24 26 28 29 31 95
1 5 6 7 9 10 11 12 13 14 18 20 23 24 25 28 29 30 31 96
2 3 5 7 10 11 13 14 15 17 20 22 23 24 25 26 27 28 29 97
2 3 4 6 7 9 10 11 14 15 18 19 20 21 22 25 30 98
1 2 3 5 7 8 10 14 15 16 17 18 19 21 22 23 24 27 28 30 31 99
4 7 10 11 12 14 16 17 19 21 22 23 24 26 27 28 30 100
0 2 7 8 10 11 13 15 16 18 19 30 31 101
1 2 3 5 7 9 11 12 14 15 16 17 18 19 20 21 22 23 24 25 26 28 31 102
3 4 5 7 9 10 11 12 13 15 17 18 23 24 25 27 28 103
4 5 7 9 12 13 14 18 22 23 27 30 31 104
4 6 9 10 13 17 18 21 24 25 26 29 31 105
1 2 3 6 7 9 10 13 15 17 18 19 20 21 22 23 25 26 31 106
0 2 3 7 9 10 11 12 13 15 17 19 20 23 26 29 31 107
0 2 7 8 9 11 13 14 16 17 19 21 23 25 27 108
1 2 3 4 8 9 10 13 16 19 20 21 23 26 27 28 29 109
2 5 8 9 10 11 13 15 17 19 21 22 26 27 31 110
0 1 2 12 13 14 15 20 23 24 26 28 30 111
0 1 6 9 11 13 14 15 17 19 22 24 28 29 30 112
1 3 5 7 8 9 10 11 14 15 16 17 18 22 23 26 27 30 31 113
3 4 5 6 8 10 11 12 13 16 18 22 23 25 26 28 30 114
2 5 8 12 19 20 24 25 27 28 30 115
0 2 3 4 5 6 10 11 12 15 17 18 22 23 24 25 27 116
0 1 3 4 6 7 10 11 12 13 14 19 20 21 22 23 24 27 28 29 30 117
0 1 4 6 7 9 11 13 14 18 21 22 23 28 30 118
1 2 3 5 7 8 10 12 15 16 18 19 27 28 29 30 31 119
0 10 11 12 15 16 17 19 20 24 28 30 31 120
1 2 4 8 10 12 17 18 20 21 24 25 26 27 28 30 31 121
0 1 6 7 8 9 11 13 14 15 17 19 25 29 30 122
2 5 6 8 9 10 12 17 18 20 21 24 25 26 27 29 31 123
0 1 2 3 4 7 12 17 22 23 25 30 31 124
2 3 4 5 7 10 12 13 14 15 16 17 23 25 28 30 31 125
1 2 3 7 9 13 14 17 18 25 26 28 29 30 31 126
9 19 22 23 24 28 31 127