28 45 66 70 71 81 85 98
1 11 26 30 44 101 122 127
3 8 72 80 99 121 125 126
20 34 46 64 75 117
14 45 55 71 72 89 112 123
16 27 31 40 48 74 118 120
8 38 54 57 60 83 110 124
4 11 15 77 86 90 92 113
3 41 52 92 98 99 101 112
3 26 30 35 67 109 116 123
0 51 55 65 88 99 100 121
7 22 36 38 39 56 64 97
5 10 21 102 113 115
1 13 50 63 71 85 118 120
15 18 44 46 47 68 83 106
8 14 15 49 55 58 68 77
1 13 14 38 43 65 84 107
0 15 21 29 41 112 124 127
37 49 80 82 102 105 114 115
1 29 36 60 89 95 119 125
44 76 106 107
20 23 45 77 95 97 121 124
0 12 25 27 28 37 45 65
0 19 21 50 64 67 105 107
4 11 24 34 35 51 73 116
23 42 56 65 72 82 112 119
20 32 46 68 104 106 124 127
20 36 44 64 86 88 100 110
37 42 45 49 67 90 106 118
3 61 86 94 95 116 122 126
9 58 59 60 86 92 102 109
24 43 53 119 123 127
41 55 63 69 70 78 120 123
12 21 24 26 63 91
13 21 27 46 61 93 109 111
18 38 40 49 50 59 94 110
2 3 25 34 49 62 77 101
2 17 28 33 68 78 113 118
6 23 25 27 58 73 103 111
19 63 70 81 91 92 96 108
5 13 37 46 51 53 78 96
9 47 60 63 88 110
5 11 13 39 67 80 89 105
10 12 33 71 74 81 83 99
2 10 43 55 66 97 100 101
37 41 69 74 91 108 122 123
8 9 17 42 94 118
4 32 53 84 88 107 119 125
63 64 75 76 98 114 115 126
7 24 48 67 82 86 115 121
10 28 42 64 81 91 109 119
6 8 39 41 42 73 98 103
1 3 12 22 41 59 70 121
1 2 15 16 22 58 76 120
16 30 39 42 44 74 101 127
5 14 16 50 52 57 70 103
19 53 81 82 87 123
8 10 19 27 40 48 69 105
4 7 16 29 58 66 85 97
31 32 33 34 47 78 85 106
0 4 34 57 84 91 100 126
24 39 47 51 52 57 90 124
6 9 35 54 65 89 98 115
5 30 38 54 56 69 99 103
14 29 43 46 89 100 101 108
40 74 82 90 93 100
0 9 13 22 45 58 102 121
6 28 66 74 75 76 84 125
19 71 72 80 87 108 113 125
18 48 78 96 109 117
2 25 86 91 102 103 104 110
14 20 36 37 55 94 95 125
9 67 90 107 114 116
33 39 80 82 85 94 106 108
11 17 18 56 69 79 104 110
5 10 29 59 71 79 114 119
4 43 48 49 50 62 69 75
17 35 61 80 81 85 109 117
16 22 73 84 88 99 111 114
35 53 62 70 87 90 92 116
21 23 25 87 93 96 104 122
26 48 72 76 79 93 96 122
11 15 19 60 93 117 118 126
33 36 43 47 77 92 105 122
12 32 54 57 75 102
25 47 52 59 62 108 111 116
22 23 31 32 62 78 103 112
2 7 35 53 57 95 113 117
12 23 26 31 40 89 115 126
20 24 26 51 54 61 95 98
50 54 65 93 107 112 114 127
27 28 62 76 77 79 83 97
32 34 36 38 44 59 120 124
29 61 72 75 88 96 117 120
40 60 84 94 104 111
33 51 61 97 104 105 111 113
9 19 22 23 24 28 31 127